{"16": {"0": [[0, 420, 527, 601, 86, 720, 601, 382, 165, 596, 499, 643, 443, 428, 563, 609], [420, 0, 122, 315, 447, 563, 607, 272, 517, 482, 103, 374, 414, 435, 625, 208], [527, 122, 0, 231, 541, 634, 710, 286, 603, 570, 142, 424, 416, 444, 735, 190], [601, 315, 231, 0, 581, 864, 922, 233, 616, 794, 372, 655, 291, 327, 937, 412], [86, 447, 541, 581, 0, 798, 686, 352, 85, 676, 536, 707, 388, 368, 649, 647], [720, 563, 634, 864, 798, 0, 247, 819, 882, 125, 492, 224, 958, 971, 328, 480], [601, 607, 710, 922, 686, 247, 0, 813, 765, 179, 574, 394, 939, 943, 82, 608], [382, 272, 286, 233, 352, 819, 813, 0, 383, 722, 372, 644, 142, 163, 810, 462], [165, 517, 603, 616, 85, 882, 765, 383, 0, 760, 610, 791, 388, 362, 723, 721], [596, 482, 570, 794, 676, 125, 179, 722, 760, 0, 428, 216, 858, 868, 246, 443], [499, 103, 142, 372, 536, 492, 574, 372, 610, 428, 0, 287, 512, 535, 605, 111], [643, 374, 424, 655, 707, 224, 394, 644, 791, 216, 287, 0, 786, 805, 456, 258], [443, 414, 416, 291, 388, 958, 939, 142, 388, 858, 512, 786, 0, 37, 929, 598], [428, 435, 444, 327, 368, 971, 943, 163, 362, 868, 535, 805, 37, 0, 930, 625], [563, 625, 735, 937, 649, 328, 82, 810, 723, 246, 605, 456, 929, 930, 0, 651], [609, 208, 190, 412, 647, 480, 608, 462, 721, 443, 111, 258, 598, 625, 651, 0]], "1": [[0, 227, 96, 321, 749, 1036, 789, 59, 498, 653, 741, 343, 625, 553, 535, 537], [227, 0, 308, 164, 552, 844, 568, 264, 371, 477, 565, 418, 400, 594, 455, 311], [96, 308, 0, 370, 797, 1131, 876, 115, 594, 692, 778, 407, 698, 618, 626, 619], [321, 164, 370, 0, 429, 905, 581, 374, 508, 334, 422, 578, 352, 758, 605, 317], [749, 552, 797, 429, 0, 846, 482, 800, 739, 129, 103, 956, 259, 1099, 862, 381], [1036, 844, 1131, 905, 846, 0, 368, 1044, 573, 916, 945, 935, 631, 903, 623, 594], [789, 568, 876, 581, 482, 368, 0, 813, 459, 549, 579, 808, 267, 862, 568, 266], [59, 264, 115, 374, 800, 1044, 813, 0, 492, 707, 796, 295, 664, 506, 515, 569], [498, 371, 594, 508, 739, 573, 459, 492, 0, 723, 797, 369, 490, 404, 124, 360], [653, 477, 692, 334, 129, 916, 549, 707, 723, 0, 89, 893, 291, 1053, 842, 384], [741, 565, 778, 422, 103, 945, 579, 796, 797, 89, 0, 980, 339, 1137, 918, 448], [343, 418, 407, 578, 956, 935, 808, 295, 369, 893, 980, 0, 754, 211, 319, 629], [625, 400, 698, 352, 259, 631, 267, 664, 490, 291, 339, 754, 0, 871, 614, 132], [553, 594, 618, 758, 1099, 903, 862, 506, 404, 1053, 1137, 211, 871, 0, 298, 739], [535, 455, 626, 605, 862, 623, 568, 515, 124, 842, 918, 319, 614, 298, 0, 484], [537, 311, 619, 317, 381, 594, 266, 569, 360, 384, 448, 629, 132, 739, 484, 0]], "2": [[0, 881, 818, 862, 239, 372, 852, 740, 188, 182, 784, 665, 917, 546, 647, 807], [881, 0, 227, 314, 851, 928, 400, 553, 859, 743, 328, 599, 187, 404, 234, 160], [818, 227, 0, 513, 851, 956, 176, 332, 846, 719, 103, 388, 109, 276, 256, 74], [862, 314, 513, 0, 747, 778, 688, 800, 774, 688, 600, 820, 500, 560, 342, 439], [239, 851, 851, 747, 0, 143, 929, 864, 52, 148, 845, 805, 934, 609, 627, 820], [372, 928, 956, 778, 143, 0, 1049, 997, 187, 286, 960, 941, 1031, 731, 718, 917], [852, 400, 176, 688, 929, 1049, 0, 200, 915, 787, 98, 281, 239, 320, 401, 250], [740, 553, 332, 800, 864, 997, 200, 0, 840, 716, 229, 90, 423, 294, 470, 394], [188, 859, 846, 774, 52, 187, 915, 840, 0, 129, 834, 777, 933, 596, 632, 819], [182, 743, 719, 688, 148, 286, 787, 716, 129, 0, 705, 657, 808, 467, 512, 694], [784, 328, 103, 600, 845, 960, 98, 229, 834, 705, 0, 289, 199, 240, 303, 169], [665, 599, 388, 820, 805, 941, 281, 90, 777, 657, 289, 0, 488, 279, 480, 442], [917, 187, 109, 500, 934, 1031, 239, 423, 933, 808, 199, 488, 0, 381, 314, 115], [546, 404, 276, 560, 609, 731, 320, 294, 596, 467, 240, 279, 381, 0, 219, 282], [647, 234, 256, 342, 627, 718, 401, 470, 632, 512, 303, 480, 314, 219, 0, 202], [807, 160, 74, 439, 820, 917, 250, 394, 819, 694, 169, 442, 115, 282, 202, 0]], "3": [[0, 762, 986, 170, 355, 989, 891, 989, 387, 690, 162, 883, 954, 1142, 772, 721], [762, 0, 224, 660, 409, 235, 300, 333, 443, 244, 695, 181, 193, 419, 329, 175], [986, 224, 0, 880, 632, 60, 317, 283, 655, 394, 915, 179, 34, 260, 435, 331], [170, 660, 880, 0, 259, 874, 746, 927, 239, 548, 37, 757, 850, 1064, 739, 656], [355, 409, 632, 259, 0, 634, 554, 669, 138, 357, 296, 530, 601, 805, 493, 398], [989, 235, 60, 874, 634, 0, 265, 343, 644, 366, 909, 139, 80, 313, 483, 367], [891, 300, 317, 746, 554, 265, 0, 574, 508, 201, 776, 148, 316, 577, 628, 475], [989, 333, 283, 927, 669, 343, 574, 0, 744, 576, 964, 426, 269, 181, 254, 272], [387, 443, 655, 239, 138, 644, 508, 744, 0, 309, 271, 521, 628, 860, 601, 482], [690, 244, 394, 548, 357, 366, 201, 576, 309, 0, 579, 229, 375, 638, 544, 387], [162, 695, 915, 37, 296, 909, 776, 964, 271, 579, 0, 790, 886, 1100, 775, 692], [883, 181, 179, 757, 530, 139, 148, 426, 521, 229, 790, 0, 172, 438, 497, 352], [954, 193, 34, 850, 601, 80, 316, 269, 628, 375, 886, 172, 0, 268, 405, 298], [1142, 419, 260, 1064, 805, 313, 577, 181, 860, 638, 1100, 438, 268, 0, 434, 422], [772, 329, 435, 739, 493, 483, 628, 254, 601, 544, 775, 497, 405, 434, 0, 158], [721, 175, 331, 656, 398, 367, 475, 272, 482, 387, 692, 352, 298, 422, 158, 0]], "4": [[0, 323, 620, 679, 759, 213, 382, 250, 285, 155, 344, 498, 457, 870, 168, 350], [323, 0, 300, 415, 554, 245, 376, 570, 586, 188, 387, 183, 327, 571, 318, 228], [620, 300, 0, 238, 432, 488, 529, 869, 865, 473, 636, 181, 490, 394, 577, 449], [679, 415, 238, 0, 195, 490, 442, 922, 866, 524, 799, 388, 691, 612, 577, 623], [759, 554, 432, 195, 0, 549, 435, 984, 891, 614, 941, 568, 859, 804, 624, 778], [213, 245, 488, 490, 549, 0, 184, 438, 383, 104, 487, 423, 520, 812, 90, 405], [382, 376, 529, 442, 435, 184, 0, 570, 456, 286, 670, 525, 686, 900, 218, 574], [250, 570, 869, 922, 984, 438, 570, 0, 197, 403, 450, 738, 628, 1093, 361, 543], [285, 586, 865, 866, 891, 383, 456, 197, 0, 398, 591, 768, 736, 1149, 293, 633], [155, 188, 473, 524, 614, 104, 286, 403, 398, 0, 384, 372, 422, 758, 141, 307], [344, 387, 636, 799, 941, 487, 670, 450, 591, 384, 0, 459, 207, 716, 490, 188], [498, 183, 181, 388, 568, 423, 525, 738, 768, 372, 459, 0, 311, 390, 501, 270], [457, 327, 490, 691, 859, 520, 686, 628, 736, 422, 207, 311, 0, 510, 558, 115], [870, 571, 394, 612, 804, 812, 900, 1093, 1149, 758, 716, 390, 510, 0, 890, 558], [168, 318, 577, 577, 624, 90, 218, 361, 293, 141, 490, 501, 558, 890, 0, 443], [350, 228, 449, 623, 778, 405, 574, 543, 633, 307, 188, 270, 115, 558, 443, 0]]}, "17": {"0": [[0, 813, 578, 586, 572, 828, 425, 334, 285, 848, 319, 490, 464, 540, 513, 374, 165], [813, 0, 944, 237, 408, 82, 413, 506, 659, 192, 750, 448, 359, 273, 448, 838, 863], [578, 944, 0, 818, 951, 907, 588, 725, 382, 1081, 286, 888, 751, 757, 497, 943, 742], [586, 237, 818, 0, 223, 279, 233, 270, 478, 277, 580, 233, 124, 61, 343, 608, 627], [572, 408, 951, 223, 0, 472, 380, 248, 575, 329, 680, 82, 209, 256, 526, 456, 551], [828, 82, 907, 279, 472, 0, 412, 540, 649, 273, 733, 505, 392, 300, 418, 887, 893], [425, 413, 588, 233, 380, 412, 0, 227, 250, 506, 349, 336, 171, 172, 157, 588, 520], [334, 506, 725, 270, 248, 540, 227, 0, 343, 516, 444, 172, 148, 241, 382, 369, 357], [285, 659, 382, 478, 575, 649, 250, 343, 0, 755, 105, 508, 387, 418, 259, 596, 437], [848, 192, 1081, 277, 329, 273, 506, 516, 755, 0, 855, 398, 388, 336, 588, 785, 861], [319, 750, 286, 580, 680, 733, 349, 444, 105, 855, 0, 611, 491, 519, 324, 667, 483], [490, 448, 888, 233, 82, 505, 336, 172, 508, 398, 611, 0, 173, 246, 489, 394, 471], [464, 359, 751, 124, 209, 392, 171, 148, 387, 388, 491, 173, 0, 95, 319, 503, 504], [540, 273, 757, 61, 256, 300, 172, 241, 418, 336, 519, 246, 95, 0, 286, 597, 594], [513, 448, 497, 343, 526, 418, 157, 382, 259, 588, 324, 489, 319, 286, 0, 733, 636], [374, 838, 943, 608, 456, 887, 588, 369, 596, 785, 667, 394, 503, 597, 733, 0, 229], [165, 863, 742, 627, 551, 893, 520, 357, 437, 861, 483, 471, 504, 594, 636, 229, 0]], "1": [[0, 518, 527, 540, 877, 421, 292, 206, 296, 261, 930, 150, 616, 174, 470, 157, 271], [518, 0, 337, 257, 362, 156, 374, 313, 226, 299, 414, 466, 104, 399, 512, 439, 253], [527, 337, 0, 578, 590, 430, 569, 371, 312, 280, 632, 571, 348, 516, 221, 377, 320], [540, 257, 578, 0, 448, 161, 275, 384, 342, 432, 494, 424, 320, 372, 718, 536, 359], [877, 362, 590, 448, 0, 473, 688, 674, 588, 657, 52, 809, 274, 744, 806, 798, 614], [421, 156, 430, 161, 473, 0, 223, 237, 182, 273, 525, 336, 253, 272, 557, 387, 202], [292, 374, 569, 275, 688, 223, 0, 224, 258, 315, 738, 154, 475, 121, 623, 348, 253], [206, 313, 371, 384, 674, 237, 224, 0, 90, 94, 726, 202, 410, 146, 399, 152, 66], [296, 226, 312, 342, 588, 182, 258, 90, 0, 91, 640, 279, 321, 216, 388, 217, 27], [261, 299, 280, 432, 657, 273, 315, 94, 91, 0, 708, 291, 384, 240, 310, 142, 74], [930, 414, 632, 494, 52, 525, 738, 726, 640, 708, 0, 861, 324, 796, 850, 850, 666], [150, 466, 571, 424, 809, 336, 154, 202, 279, 291, 861, 0, 570, 67, 568, 258, 261], [616, 104, 348, 320, 274, 253, 475, 410, 321, 384, 324, 570, 0, 503, 551, 526, 347], [174, 399, 516, 372, 744, 272, 121, 146, 216, 240, 796, 67, 503, 0, 533, 237, 200], [470, 512, 221, 718, 806, 557, 623, 399, 388, 310, 850, 568, 551, 533, 0, 316, 380], [157, 439, 377, 536, 798, 387, 348, 152, 217, 142, 850, 258, 526, 237, 316, 0, 191], [271, 253, 320, 359, 614, 202, 253, 66, 27, 74, 666, 261, 347, 200, 380, 191, 0]], "2": [[0, 213, 625, 513, 691, 244, 457, 631, 382, 600, 425, 322, 206, 804, 361, 603, 701], [213, 0, 611, 661, 633, 80, 663, 824, 555, 814, 289, 187, 142, 942, 571, 501, 771], [625, 611, 0, 484, 143, 536, 738, 757, 538, 983, 391, 796, 738, 605, 850, 260, 293], [513, 661, 484, 0, 623, 629, 300, 273, 151, 542, 650, 822, 714, 291, 502, 672, 316], [691, 633, 143, 623, 0, 553, 865, 895, 665, 1107, 368, 808, 770, 744, 955, 174, 427], [244, 80, 536, 629, 553, 0, 667, 814, 538, 838, 212, 260, 221, 902, 604, 422, 711], [457, 663, 738, 300, 865, 667, 0, 200, 200, 248, 774, 773, 654, 514, 244, 867, 615], [631, 824, 757, 273, 895, 814, 200, 0, 281, 348, 883, 952, 835, 364, 439, 935, 561], [382, 555, 538, 151, 665, 538, 200, 281, 0, 446, 604, 701, 588, 435, 359, 675, 441], [600, 814, 983, 542, 1107, 838, 248, 348, 446, 0, 978, 879, 765, 711, 252, 1096, 858], [425, 289, 391, 650, 368, 212, 774, 883, 604, 978, 0, 448, 431, 884, 766, 215, 631], [322, 187, 796, 822, 808, 260, 773, 952, 701, 879, 448, 0, 119, 1110, 626, 663, 956], [206, 142, 738, 714, 770, 221, 654, 835, 588, 765, 431, 119, 0, 1004, 513, 643, 870], [804, 942, 605, 291, 744, 902, 514, 364, 435, 711, 884, 1110, 1004, 0, 751, 848, 322], [361, 571, 850, 502, 955, 604, 244, 439, 359, 252, 766, 626, 513, 751, 0, 912, 799], [603, 501, 260, 672, 174, 422, 867, 935, 675, 1096, 215, 663, 643, 848, 912, 0, 549], [701, 771, 293, 316, 427, 711, 615, 561, 441, 858, 631, 956, 870, 322, 799, 549, 0]], "3": [[0, 607, 114, 92, 652, 388, 354, 653, 758, 339, 92, 553, 303, 682, 879, 732, 278], [607, 0, 563, 686, 99, 835, 945, 160, 152, 598, 640, 79, 386, 129, 272, 345, 582], [114, 563, 0, 140, 593, 502, 447, 583, 709, 228, 81, 521, 332, 620, 832, 741, 366], [92, 686, 140, 0, 724, 415, 310, 718, 835, 327, 63, 636, 395, 753, 957, 824, 354], [652, 99, 593, 724, 0, 911, 999, 68, 133, 589, 672, 174, 463, 34, 250, 434, 661], [388, 835, 502, 415, 911, 0, 291, 935, 981, 727, 464, 760, 449, 945, 1088, 793, 253], [354, 945, 447, 310, 999, 291, 0, 1004, 1097, 627, 374, 882, 586, 1030, 1215, 997, 437], [653, 160, 583, 718, 68, 935, 1004, 0, 186, 555, 663, 228, 493, 62, 291, 501, 689], [758, 152, 709, 835, 133, 981, 1097, 186, 0, 721, 787, 221, 533, 123, 123, 380, 727], [339, 598, 228, 327, 589, 727, 627, 555, 721, 0, 268, 584, 508, 608, 839, 859, 586], [92, 640, 81, 63, 672, 464, 374, 663, 787, 268, 0, 594, 378, 700, 910, 800, 370], [553, 79, 521, 636, 174, 760, 882, 228, 221, 584, 594, 0, 312, 206, 334, 304, 507], [303, 386, 332, 395, 463, 449, 586, 493, 533, 508, 378, 312, 0, 497, 644, 430, 197], [682, 129, 620, 753, 34, 945, 1030, 62, 123, 608, 700, 206, 497, 0, 232, 454, 694], [879, 272, 832, 957, 250, 1088, 1215, 291, 123, 839, 910, 334, 644, 232, 0, 417, 835], [732, 345, 741, 824, 434, 793, 997, 501, 380, 859, 800, 304, 430, 454, 417, 0, 564], [278, 582, 366, 354, 661, 253, 437, 689, 727, 586, 370, 507, 197, 694, 835, 564, 0]], "4": [[0, 390, 420, 308, 277, 598, 304, 622, 350, 401, 326, 452, 410, 410, 352, 509, 57], [390, 0, 388, 376, 637, 950, 680, 898, 582, 756, 701, 157, 451, 760, 732, 820, 352], [420, 388, 0, 636, 492, 995, 694, 594, 309, 805, 714, 543, 84, 816, 729, 926, 434], [308, 376, 636, 0, 568, 640, 441, 928, 654, 469, 458, 315, 658, 466, 496, 482, 255], [277, 637, 492, 568, 0, 558, 290, 376, 230, 402, 301, 723, 435, 419, 296, 556, 333], [598, 950, 995, 640, 558, 0, 301, 857, 787, 197, 281, 943, 960, 191, 269, 179, 613], [304, 680, 694, 441, 290, 301, 0, 645, 504, 116, 22, 704, 661, 131, 56, 267, 329], [622, 898, 594, 928, 376, 857, 645, 0, 316, 745, 650, 1021, 511, 763, 633, 903, 677], [350, 582, 309, 654, 230, 787, 504, 316, 0, 620, 519, 708, 234, 636, 520, 768, 399], [401, 756, 805, 469, 402, 197, 116, 745, 620, 0, 102, 759, 775, 18, 113, 157, 416], [326, 701, 714, 458, 301, 281, 22, 650, 519, 102, 0, 724, 680, 118, 38, 256, 351], [452, 157, 543, 315, 723, 943, 704, 1021, 708, 759, 724, 0, 602, 760, 759, 793, 401], [410, 451, 84, 658, 435, 960, 661, 511, 234, 775, 680, 602, 0, 788, 692, 905, 435], [410, 760, 816, 466, 419, 191, 131, 763, 636, 18, 118, 760, 788, 0, 130, 140, 422], [352, 732, 729, 496, 296, 269, 56, 633, 520, 113, 38, 759, 692, 130, 0, 270, 381], [509, 820, 926, 482, 556, 179, 267, 903, 768, 157, 256, 793, 905, 140, 270, 0, 509], [57, 352, 434, 255, 333, 613, 329, 677, 399, 416, 351, 401, 435, 422, 381, 509, 0]]}, "18": {"0": [[0, 211, 923, 235, 906, 362, 254, 263, 474, 287, 263, 217, 669, 363, 503, 771, 870, 518], [211, 0, 1050, 398, 1015, 548, 85, 422, 539, 411, 398, 52, 799, 478, 380, 854, 978, 725], [923, 1050, 0, 688, 109, 604, 1013, 660, 538, 644, 664, 1089, 254, 573, 957, 281, 124, 656], [235, 398, 688, 0, 677, 158, 395, 28, 294, 88, 60, 425, 435, 151, 525, 555, 641, 370], [906, 1015, 109, 677, 0, 616, 970, 648, 484, 621, 644, 1057, 250, 546, 886, 192, 37, 703], [362, 548, 604, 158, 616, 0, 551, 144, 357, 205, 192, 570, 366, 215, 672, 537, 583, 224], [254, 85, 1013, 395, 970, 551, 0, 415, 488, 389, 382, 135, 766, 448, 295, 801, 934, 745], [263, 422, 660, 28, 648, 144, 415, 0, 274, 75, 52, 450, 407, 128, 531, 529, 613, 362], [474, 539, 538, 294, 484, 357, 488, 274, 0, 207, 237, 585, 311, 149, 432, 314, 448, 568], [287, 411, 644, 88, 621, 205, 389, 75, 207, 0, 30, 447, 391, 75, 468, 485, 584, 429], [263, 398, 664, 60, 644, 192, 382, 52, 237, 30, 0, 431, 410, 102, 480, 511, 607, 413], [217, 52, 1089, 425, 1057, 570, 135, 450, 585, 447, 431, 0, 837, 516, 428, 899, 1020, 736], [669, 799, 254, 435, 250, 366, 766, 407, 311, 391, 410, 837, 0, 321, 743, 214, 217, 474], [363, 478, 573, 151, 546, 215, 448, 128, 149, 75, 102, 516, 321, 0, 487, 410, 510, 435], [503, 380, 957, 525, 886, 672, 295, 531, 432, 468, 480, 428, 743, 487, 0, 696, 852, 893], [771, 854, 281, 555, 192, 537, 801, 529, 314, 485, 511, 899, 214, 410, 696, 0, 161, 680], [870, 978, 124, 641, 37, 583, 934, 613, 448, 584, 607, 1020, 217, 510, 852, 161, 0, 677], [518, 725, 656, 370, 703, 224, 745, 362, 568, 429, 413, 736, 474, 435, 893, 680, 677, 0]], "1": [[0, 1002, 81, 651, 496, 407, 360, 342, 784, 106, 519, 169, 41, 892, 621, 202, 102, 400], [1002, 0, 1072, 659, 777, 662, 810, 855, 289, 941, 502, 838, 1034, 279, 420, 1190, 1098, 783], [81, 1072, 0, 731, 516, 488, 383, 357, 845, 184, 596, 235, 76, 950, 682, 167, 26, 425], [651, 659, 731, 0, 817, 274, 738, 765, 648, 548, 324, 566, 660, 755, 571, 763, 748, 746], [496, 777, 516, 817, 0, 560, 136, 159, 491, 528, 511, 374, 536, 554, 370, 682, 538, 98], [407, 662, 488, 274, 560, 0, 468, 493, 531, 316, 167, 296, 426, 650, 400, 560, 509, 480], [360, 810, 383, 738, 136, 468, 0, 46, 537, 394, 457, 244, 400, 622, 389, 549, 407, 42], [342, 855, 357, 765, 159, 493, 46, 0, 583, 388, 494, 246, 381, 667, 435, 524, 379, 81], [784, 289, 845, 648, 491, 531, 537, 583, 0, 745, 369, 615, 821, 119, 163, 983, 871, 507], [106, 941, 184, 548, 528, 316, 394, 388, 745, 0, 446, 158, 113, 859, 585, 250, 200, 430], [519, 502, 596, 324, 511, 167, 457, 494, 369, 446, 0, 370, 547, 486, 255, 696, 620, 454], [169, 838, 235, 566, 374, 296, 244, 246, 615, 158, 370, 0, 207, 723, 452, 370, 260, 276], [41, 1034, 76, 660, 536, 426, 400, 381, 821, 113, 547, 207, 0, 930, 658, 163, 89, 440], [892, 279, 950, 755, 554, 650, 622, 667, 119, 859, 486, 723, 930, 0, 274, 1093, 976, 587], [621, 420, 682, 571, 370, 400, 389, 435, 163, 585, 255, 452, 658, 274, 0, 820, 708, 364], [202, 1190, 167, 763, 682, 560, 549, 524, 983, 250, 696, 370, 163, 1093, 820, 0, 147, 590], [102, 1098, 26, 748, 538, 509, 407, 379, 871, 200, 620, 260, 89, 976, 708, 147, 0, 449], [400, 783, 425, 746, 98, 480, 42, 81, 507, 430, 454, 276, 440, 587, 364, 590, 449, 0]], "2": [[0, 511, 654, 723, 670, 508, 1007, 774, 786, 376, 430, 685, 81, 781, 245, 1025, 863, 763], [511, 0, 143, 345, 428, 396, 537, 618, 275, 342, 83, 307, 506, 298, 444, 564, 601, 255], [654, 143, 0, 312, 454, 474, 421, 641, 132, 454, 225, 283, 648, 188, 572, 452, 585, 116], [723, 345, 312, 0, 757, 742, 316, 352, 339, 678, 374, 41, 751, 199, 538, 323, 273, 290], [670, 428, 454, 757, 0, 174, 845, 1046, 511, 294, 451, 722, 612, 634, 753, 880, 1023, 536], [508, 396, 474, 742, 174, 0, 893, 987, 568, 134, 386, 703, 445, 662, 622, 925, 992, 579], [1007, 537, 421, 316, 845, 893, 0, 597, 334, 872, 601, 343, 1022, 239, 847, 38, 450, 314], [774, 618, 641, 352, 1046, 987, 597, 0, 690, 889, 604, 366, 833, 551, 532, 585, 166, 640], [786, 275, 132, 339, 511, 568, 334, 690, 0, 568, 356, 324, 779, 151, 696, 369, 603, 49], [376, 342, 454, 678, 294, 134, 872, 889, 568, 0, 306, 638, 318, 634, 491, 901, 911, 568], [430, 83, 225, 374, 451, 386, 601, 604, 356, 306, 0, 333, 428, 364, 367, 625, 609, 334], [685, 307, 283, 41, 722, 703, 343, 366, 324, 638, 333, 0, 712, 194, 506, 352, 303, 275], [81, 506, 648, 751, 612, 445, 1022, 833, 779, 318, 428, 712, 0, 790, 313, 1043, 912, 761], [781, 298, 188, 199, 634, 662, 239, 551, 151, 634, 364, 194, 790, 0, 647, 267, 454, 107], [245, 444, 572, 538, 753, 622, 847, 532, 696, 491, 367, 506, 313, 647, 0, 859, 633, 661], [1025, 564, 452, 323, 880, 925, 38, 585, 369, 901, 625, 352, 1043, 267, 859, 0, 432, 347], [863, 601, 585, 273, 1023, 992, 450, 166, 603, 911, 609, 303, 912, 454, 633, 432, 0, 556], [763, 255, 116, 290, 536, 579, 314, 640, 49, 568, 334, 275, 761, 107, 661, 347, 556, 0]], "3": [[0, 323, 410, 291, 419, 363, 477, 534, 448, 936, 658, 63, 220, 761, 871, 479, 228, 773], [323, 0, 366, 474, 181, 184, 157, 554, 564, 729, 402, 290, 269, 444, 549, 507, 96, 655], [410, 366, 0, 278, 546, 193, 464, 190, 255, 555, 752, 347, 539, 593, 719, 150, 367, 363], [291, 474, 278, 0, 633, 383, 621, 297, 166, 825, 871, 253, 501, 830, 955, 249, 415, 599], [419, 181, 546, 633, 0, 361, 166, 734, 738, 856, 242, 410, 258, 463, 536, 688, 218, 820], [363, 184, 193, 383, 361, 0, 272, 382, 426, 585, 559, 305, 411, 449, 572, 342, 218, 477], [477, 157, 464, 621, 166, 272, 0, 652, 692, 695, 293, 447, 382, 311, 403, 614, 249, 684], [534, 554, 190, 297, 734, 382, 652, 0, 165, 578, 942, 476, 700, 750, 876, 55, 545, 320], [448, 564, 255, 166, 738, 426, 692, 165, 0, 739, 966, 401, 646, 848, 974, 139, 528, 485], [936, 729, 555, 825, 856, 585, 695, 578, 739, 0, 939, 874, 990, 524, 599, 601, 796, 276], [658, 402, 752, 871, 242, 559, 293, 942, 966, 939, 0, 652, 476, 445, 459, 900, 458, 968], [63, 290, 347, 253, 410, 305, 447, 476, 401, 874, 652, 0, 248, 719, 832, 421, 202, 709], [220, 269, 539, 501, 258, 411, 382, 700, 646, 990, 476, 248, 0, 692, 781, 646, 194, 881], [761, 444, 593, 830, 463, 449, 311, 750, 848, 524, 445, 719, 692, 0, 127, 731, 540, 638], [871, 549, 719, 955, 536, 572, 403, 876, 974, 599, 459, 832, 781, 127, 0, 857, 646, 746], [479, 507, 150, 249, 688, 342, 614, 55, 139, 601, 900, 421, 646, 731, 857, 0, 494, 355], [228, 96, 367, 415, 218, 218, 249, 545, 528, 796, 458, 202, 194, 540, 646, 494, 0, 693], [773, 655, 363, 599, 820, 477, 684, 320, 485, 276, 968, 709, 881, 638, 746, 355, 693, 0]], "4": [[0, 314, 708, 443, 529, 711, 863, 456, 128, 433, 204, 245, 141, 350, 852, 866, 889, 90], [314, 0, 455, 296, 399, 500, 923, 478, 192, 132, 145, 115, 175, 92, 578, 559, 581, 371], [708, 455, 0, 298, 284, 119, 830, 511, 586, 330, 596, 569, 598, 376, 156, 299, 322, 787], [443, 296, 298, 0, 104, 272, 663, 250, 337, 249, 396, 388, 367, 207, 454, 547, 573, 530], [529, 399, 284, 104, 0, 218, 590, 227, 432, 340, 498, 492, 466, 309, 437, 568, 593, 617], [711, 500, 119, 272, 218, 0, 719, 439, 598, 391, 631, 611, 620, 412, 237, 413, 435, 796], [863, 923, 830, 663, 590, 719, 0, 447, 847, 911, 960, 975, 895, 850, 951, 1129, 1153, 939], [456, 478, 511, 250, 227, 439, 447, 0, 411, 480, 518, 530, 458, 409, 663, 788, 814, 543], [128, 192, 586, 337, 432, 598, 847, 411, 0, 306, 122, 152, 49, 222, 727, 739, 762, 202], [433, 132, 330, 249, 340, 391, 911, 480, 306, 0, 277, 245, 300, 93, 446, 433, 456, 498], [204, 145, 596, 396, 498, 631, 960, 518, 122, 277, 0, 42, 75, 221, 722, 699, 720, 239], [245, 115, 569, 388, 492, 611, 975, 530, 152, 245, 42, 0, 110, 200, 691, 661, 682, 281], [141, 175, 598, 367, 466, 620, 895, 458, 49, 300, 75, 110, 0, 226, 735, 732, 755, 197], [350, 92, 376, 207, 309, 412, 850, 409, 222, 93, 221, 200, 226, 0, 509, 519, 543, 420], [852, 578, 156, 454, 437, 237, 951, 663, 727, 446, 722, 691, 735, 509, 0, 212, 228, 928], [866, 559, 299, 547, 568, 413, 1129, 788, 739, 433, 699, 661, 732, 519, 212, 0, 26, 929], [889, 581, 322, 573, 593, 435, 1153, 814, 762, 456, 720, 682, 755, 543, 228, 26, 0, 951], [90, 371, 787, 530, 617, 796, 939, 543, 202, 498, 239, 281, 197, 420, 928, 929, 951, 0]]}, "19": {"0": [[0, 169, 317, 140, 346, 775, 611, 277, 637, 280, 514, 97, 548, 456, 447, 556, 233, 212, 75], [169, 0, 475, 201, 495, 944, 732, 193, 792, 414, 682, 264, 658, 625, 496, 715, 402, 353, 244], [317, 475, 0, 309, 333, 516, 346, 491, 509, 354, 311, 222, 588, 190, 625, 240, 169, 136, 254], [140, 201, 309, 0, 455, 815, 532, 186, 729, 404, 575, 163, 677, 486, 587, 541, 303, 174, 174], [346, 495, 333, 455, 0, 517, 670, 622, 298, 95, 251, 293, 256, 297, 339, 471, 180, 371, 284], [775, 944, 516, 815, 517, 0, 621, 1001, 330, 610, 272, 683, 627, 329, 832, 359, 543, 649, 700], [611, 732, 346, 532, 670, 621, 0, 659, 770, 700, 557, 534, 919, 421, 971, 273, 516, 400, 569], [277, 193, 491, 186, 622, 1001, 659, 0, 906, 556, 760, 338, 821, 671, 683, 715, 484, 355, 339], [637, 792, 509, 729, 298, 330, 770, 906, 0, 387, 214, 569, 306, 353, 539, 506, 427, 604, 568], [280, 414, 354, 404, 95, 610, 700, 556, 387, 0, 340, 250, 274, 365, 275, 530, 185, 356, 230], [514, 682, 311, 575, 251, 272, 557, 760, 214, 340, 0, 428, 419, 139, 581, 298, 282, 425, 439], [97, 264, 222, 163, 293, 683, 534, 338, 569, 250, 428, 0, 523, 362, 470, 460, 147, 136, 36], [548, 658, 588, 677, 256, 627, 919, 821, 306, 274, 419, 523, 0, 519, 257, 697, 434, 621, 504], [456, 625, 190, 486, 297, 329, 421, 671, 353, 365, 139, 362, 519, 0, 634, 179, 234, 320, 383], [447, 496, 625, 587, 339, 832, 971, 683, 539, 275, 581, 470, 257, 634, 0, 804, 456, 600, 439], [556, 715, 240, 541, 471, 359, 273, 715, 506, 530, 298, 460, 697, 179, 804, 0, 369, 368, 490], [233, 402, 169, 303, 180, 543, 516, 484, 427, 185, 282, 147, 434, 234, 456, 369, 0, 191, 158], [212, 353, 136, 174, 371, 649, 400, 355, 604, 356, 425, 136, 621, 320, 600, 368, 191, 0, 172], [75, 244, 254, 174, 284, 700, 569, 339, 568, 230, 439, 36, 504, 383, 439, 490, 158, 172, 0]], "1": [[0, 385, 886, 131, 455, 209, 405, 173, 207, 386, 657, 196, 789, 580, 468, 317, 641, 574, 882], [385, 0, 501, 370, 468, 333, 271, 482, 477, 108, 573, 469, 608, 214, 613, 541, 565, 235, 523], [886, 501, 0, 860, 815, 798, 625, 967, 959, 522, 786, 945, 680, 327, 1020, 988, 791, 384, 265], [131, 370, 860, 0, 562, 314, 473, 303, 114, 407, 754, 327, 866, 581, 345, 448, 739, 513, 819], [455, 468, 815, 562, 0, 249, 207, 360, 660, 368, 213, 317, 386, 504, 906, 257, 195, 695, 943], [209, 333, 798, 314, 249, 0, 220, 177, 411, 276, 449, 149, 586, 472, 659, 209, 432, 564, 855], [405, 271, 625, 473, 207, 220, 0, 394, 584, 166, 310, 360, 393, 304, 796, 371, 300, 491, 738], [173, 482, 967, 303, 360, 177, 394, 0, 359, 444, 573, 43, 735, 644, 628, 156, 555, 700, 1002], [207, 477, 959, 114, 660, 411, 584, 359, 0, 520, 858, 392, 977, 690, 269, 514, 842, 598, 896], [386, 108, 522, 407, 368, 276, 166, 444, 520, 0, 465, 423, 508, 200, 690, 475, 458, 327, 592], [657, 573, 786, 754, 213, 449, 310, 573, 858, 465, 0, 530, 196, 525, 1092, 463, 19, 771, 967], [196, 469, 945, 327, 317, 149, 360, 43, 392, 423, 530, 0, 693, 620, 659, 122, 511, 692, 991], [789, 608, 680, 866, 386, 586, 393, 735, 977, 508, 196, 693, 0, 490, 1186, 643, 214, 760, 898], [580, 214, 327, 581, 504, 472, 304, 644, 690, 200, 525, 620, 490, 0, 817, 661, 525, 273, 446], [468, 613, 1020, 345, 906, 659, 796, 628, 269, 690, 1092, 659, 1186, 817, 0, 781, 1077, 636, 887], [317, 541, 988, 448, 257, 209, 371, 156, 514, 475, 463, 122, 643, 661, 781, 0, 443, 773, 1062], [641, 565, 791, 739, 195, 432, 300, 555, 842, 458, 19, 511, 214, 525, 1077, 443, 0, 766, 968], [574, 235, 384, 513, 695, 564, 491, 700, 598, 327, 771, 692, 760, 273, 636, 773, 766, 0, 308], [882, 523, 265, 819, 943, 855, 738, 1002, 896, 592, 967, 991, 898, 446, 887, 1062, 968, 308, 0]], "2": [[0, 725, 789, 651, 165, 829, 571, 735, 747, 826, 934, 597, 998, 501, 182, 736, 685, 621, 573], [725, 0, 579, 433, 595, 618, 308, 640, 444, 102, 211, 630, 293, 487, 662, 263, 681, 389, 688], [789, 579, 0, 175, 628, 45, 326, 110, 136, 603, 697, 234, 803, 289, 862, 322, 196, 225, 302], [651, 433, 175, 0, 486, 220, 153, 208, 97, 477, 584, 220, 688, 160, 703, 205, 251, 51, 291], [165, 595, 628, 486, 0, 669, 409, 581, 582, 693, 806, 449, 880, 339, 259, 576, 539, 457, 437], [829, 618, 45, 220, 669, 0, 371, 121, 174, 638, 728, 260, 834, 331, 905, 358, 208, 270, 323], [571, 308, 326, 153, 409, 371, 0, 354, 217, 374, 489, 323, 587, 183, 589, 169, 381, 102, 381], [735, 640, 110, 208, 581, 121, 354, 0, 218, 677, 778, 146, 884, 256, 828, 396, 87, 256, 203], [747, 444, 136, 97, 582, 174, 217, 218, 0, 468, 563, 285, 670, 257, 793, 186, 288, 130, 359], [826, 102, 603, 477, 693, 638, 374, 677, 468, 0, 118, 687, 214, 556, 763, 282, 729, 439, 751], [934, 211, 697, 584, 806, 728, 489, 778, 563, 118, 0, 798, 106, 672, 860, 382, 835, 549, 863], [597, 630, 234, 220, 449, 260, 323, 146, 285, 687, 798, 0, 901, 163, 703, 424, 90, 249, 74], [998, 293, 803, 688, 880, 834, 587, 884, 670, 214, 106, 901, 0, 770, 908, 488, 939, 652, 965], [501, 487, 289, 160, 339, 331, 183, 256, 257, 556, 672, 163, 770, 0, 576, 325, 243, 152, 206], [182, 662, 862, 703, 259, 905, 589, 828, 793, 763, 860, 703, 908, 576, 0, 738, 793, 663, 695], [736, 263, 322, 205, 576, 358, 169, 396, 186, 282, 382, 424, 488, 325, 738, 0, 453, 179, 494], [685, 681, 196, 251, 539, 208, 381, 87, 288, 729, 835, 90, 939, 243, 793, 453, 0, 293, 125], [621, 389, 225, 51, 457, 270, 102, 256, 130, 439, 549, 249, 652, 152, 663, 179, 293, 0, 316], [573, 688, 302, 291, 437, 323, 381, 203, 359, 751, 863, 74, 965, 206, 695, 494, 125, 316, 0]], "3": [[0, 640, 600, 393, 1164, 658, 416, 304, 694, 274, 1113, 974, 594, 358, 437, 607, 370, 727, 1008], [640, 0, 98, 247, 667, 383, 751, 606, 123, 474, 586, 556, 313, 287, 493, 845, 292, 716, 596], [600, 98, 0, 218, 630, 288, 666, 527, 221, 403, 557, 494, 215, 268, 401, 751, 289, 618, 534], [393, 247, 218, 0, 835, 398, 561, 404, 314, 263, 768, 676, 313, 52, 353, 695, 91, 648, 715], [1164, 667, 630, 835, 0, 516, 1025, 960, 741, 902, 95, 212, 571, 887, 779, 984, 916, 707, 196], [658, 383, 288, 398, 516, 0, 532, 446, 505, 388, 482, 317, 85, 447, 267, 547, 489, 348, 350], [416, 751, 666, 561, 1025, 532, 0, 159, 855, 299, 1006, 814, 521, 566, 277, 193, 607, 394, 835], [304, 606, 527, 404, 960, 446, 159, 0, 703, 140, 928, 754, 413, 406, 181, 325, 448, 427, 782], [694, 123, 221, 314, 741, 505, 855, 703, 0, 566, 653, 655, 436, 338, 606, 960, 326, 839, 694], [274, 474, 403, 263, 902, 388, 299, 140, 566, 0, 858, 706, 333, 267, 170, 449, 310, 481, 738], [1113, 586, 557, 768, 95, 482, 1006, 928, 653, 858, 0, 215, 525, 820, 748, 983, 845, 716, 218], [974, 556, 494, 676, 212, 317, 814, 754, 655, 706, 215, 0, 383, 729, 573, 774, 763, 502, 40], [594, 313, 215, 313, 571, 85, 521, 413, 436, 333, 525, 383, 0, 363, 244, 566, 404, 404, 419], [358, 287, 268, 52, 887, 447, 566, 406, 338, 267, 820, 729, 363, 0, 379, 710, 48, 682, 767], [437, 493, 401, 353, 779, 267, 277, 181, 606, 170, 748, 573, 244, 379, 0, 354, 427, 316, 601], [607, 845, 751, 695, 984, 547, 193, 325, 960, 449, 983, 774, 566, 710, 354, 0, 755, 286, 788], [370, 292, 289, 91, 916, 489, 607, 448, 326, 310, 845, 763, 404, 48, 427, 755, 0, 731, 802], [727, 716, 618, 648, 707, 348, 394, 427, 839, 481, 716, 502, 404, 682, 316, 286, 731, 0, 511], [1008, 596, 534, 715, 196, 350, 835, 782, 694, 738, 218, 40, 419, 767, 601, 788, 802, 511, 0]], "4": [[0, 400, 758, 529, 530, 252, 476, 461, 403, 481, 334, 216, 657, 179, 638, 684, 209, 661, 544], [400, 0, 602, 564, 141, 215, 125, 370, 716, 272, 730, 278, 575, 287, 259, 845, 327, 340, 321], [758, 602, 0, 327, 542, 537, 491, 969, 756, 333, 951, 802, 144, 786, 496, 580, 550, 352, 917], [529, 564, 327, 0, 583, 392, 506, 873, 431, 338, 647, 650, 184, 622, 605, 311, 337, 506, 874], [530, 141, 542, 583, 0, 311, 79, 476, 810, 249, 853, 418, 549, 428, 119, 885, 421, 226, 388], [252, 215, 537, 392, 311, 0, 243, 481, 503, 231, 550, 271, 462, 250, 403, 645, 112, 410, 491], [476, 125, 491, 506, 79, 243, 0, 493, 735, 178, 791, 393, 483, 396, 162, 806, 349, 216, 426], [461, 370, 969, 873, 476, 481, 493, 0, 864, 636, 754, 250, 926, 287, 586, 1106, 554, 700, 151], [403, 716, 756, 431, 810, 503, 735, 864, 0, 637, 268, 616, 615, 578, 885, 373, 391, 842, 936], [481, 272, 333, 338, 249, 231, 178, 636, 637, 0, 750, 477, 307, 466, 270, 646, 293, 206, 592], [334, 730, 951, 647, 853, 550, 791, 754, 268, 750, 0, 534, 820, 499, 953, 641, 458, 950, 861], [216, 278, 802, 650, 418, 271, 393, 250, 616, 477, 534, 0, 733, 38, 537, 862, 317, 606, 330], [657, 575, 144, 184, 549, 462, 483, 926, 615, 307, 820, 733, 0, 711, 534, 447, 449, 406, 896], [179, 287, 786, 622, 428, 250, 396, 287, 578, 466, 499, 38, 711, 0, 546, 827, 286, 606, 366], [638, 259, 496, 605, 119, 403, 162, 586, 885, 270, 953, 537, 534, 546, 0, 915, 506, 147, 483], [684, 845, 580, 311, 885, 645, 806, 1106, 373, 646, 641, 862, 447, 827, 915, 0, 554, 816, 1136], [209, 327, 550, 337, 421, 112, 349, 554, 391, 293, 458, 317, 449, 286, 506, 554, 0, 492, 584], [661, 340, 352, 506, 226, 410, 216, 700, 842, 206, 950, 606, 406, 606, 147, 816, 492, 0, 613], [544, 321, 917, 874, 388, 491, 426, 151, 936, 592, 861, 330, 896, 366, 483, 1136, 584, 613, 0]]}, "20": {"0": [[0, 231, 694, 580, 559, 426, 792, 85, 292, 156, 140, 665, 485, 375, 522, 595, 229, 484, 585, 421], [231, 0, 564, 517, 339, 216, 635, 233, 320, 360, 246, 570, 308, 483, 388, 668, 262, 503, 466, 191], [694, 564, 0, 207, 389, 635, 131, 749, 454, 849, 785, 107, 273, 575, 874, 560, 489, 396, 953, 489], [580, 517, 207, 0, 479, 655, 338, 650, 299, 728, 696, 114, 316, 381, 883, 355, 353, 192, 963, 516], [559, 339, 389, 479, 0, 285, 392, 572, 491, 699, 582, 458, 169, 674, 515, 779, 472, 585, 589, 162], [426, 216, 635, 655, 285, 0, 666, 397, 521, 522, 382, 675, 365, 694, 239, 865, 470, 686, 318, 147], [792, 635, 131, 338, 392, 666, 0, 840, 573, 948, 870, 233, 328, 704, 903, 689, 602, 527, 978, 524], [85, 233, 749, 650, 572, 397, 840, 0, 371, 129, 55, 730, 521, 460, 457, 680, 306, 566, 515, 421], [292, 320, 454, 299, 491, 521, 573, 371, 0, 432, 422, 399, 344, 185, 707, 348, 67, 197, 784, 428], [156, 360, 849, 728, 699, 522, 948, 129, 432, 0, 143, 818, 638, 472, 553, 695, 375, 614, 601, 550], [140, 246, 785, 696, 582, 382, 870, 55, 422, 143, 0, 771, 547, 515, 416, 735, 356, 618, 470, 426], [665, 570, 107, 114, 458, 675, 233, 730, 399, 818, 771, 0, 314, 494, 911, 457, 446, 305, 991, 530], [485, 308, 273, 316, 169, 365, 328, 521, 344, 638, 547, 314, 0, 521, 603, 612, 341, 418, 682, 218], [375, 483, 575, 381, 674, 694, 704, 460, 185, 472, 515, 494, 521, 0, 861, 224, 225, 197, 933, 611], [522, 388, 874, 883, 515, 239, 903, 457, 707, 553, 416, 911, 603, 861, 0, 1055, 646, 891, 80, 386], [595, 668, 560, 355, 779, 865, 689, 680, 348, 695, 735, 457, 612, 224, 1055, 0, 409, 194, 1131, 757], [229, 262, 489, 353, 472, 470, 602, 306, 67, 375, 356, 446, 341, 225, 646, 409, 0, 264, 722, 389], [484, 503, 396, 192, 585, 686, 527, 566, 197, 614, 618, 305, 418, 197, 891, 194, 264, 0, 969, 570], [585, 466, 953, 963, 589, 318, 978, 515, 784, 601, 470, 991, 682, 933, 80, 1131, 722, 969, 0, 464], [421, 191, 489, 516, 162, 147, 524, 421, 428, 550, 426, 530, 218, 611, 386, 757, 389, 570, 464, 0]], "1": [[0, 114, 849, 734, 562, 378, 818, 341, 881, 890, 504, 344, 451, 161, 904, 472, 883, 576, 676, 777], [114, 0, 930, 836, 651, 481, 928, 320, 933, 916, 618, 332, 527, 265, 989, 570, 931, 673, 789, 805], [849, 930, 0, 281, 294, 837, 439, 756, 288, 494, 638, 729, 403, 831, 76, 406, 317, 313, 561, 457], [734, 836, 281, 0, 229, 613, 180, 761, 540, 720, 388, 737, 374, 667, 275, 268, 566, 173, 281, 651], [562, 651, 294, 229, 0, 561, 392, 536, 435, 566, 396, 511, 147, 537, 343, 117, 452, 74, 398, 475], [378, 481, 837, 613, 561, 0, 611, 671, 984, 1070, 239, 663, 541, 217, 864, 443, 997, 525, 420, 961], [818, 928, 439, 180, 392, 611, 0, 903, 714, 899, 373, 880, 527, 720, 411, 392, 740, 324, 199, 831], [341, 320, 756, 761, 536, 671, 903, 0, 677, 618, 703, 27, 389, 477, 827, 512, 668, 590, 827, 512], [881, 933, 288, 540, 435, 984, 714, 677, 0, 214, 830, 652, 454, 915, 348, 546, 30, 493, 801, 218], [890, 916, 494, 720, 566, 1070, 899, 618, 214, 0, 954, 597, 530, 960, 559, 660, 184, 635, 959, 114], [504, 618, 638, 388, 396, 239, 373, 703, 830, 954, 0, 687, 437, 373, 653, 294, 848, 340, 187, 854], [344, 332, 729, 737, 511, 663, 880, 27, 652, 597, 687, 0, 364, 474, 800, 489, 643, 565, 807, 491], [451, 527, 403, 374, 147, 541, 527, 389, 454, 530, 437, 364, 0, 462, 465, 156, 463, 205, 494, 424], [161, 265, 831, 667, 537, 217, 720, 477, 915, 960, 373, 474, 462, 0, 876, 428, 922, 530, 555, 846], [904, 989, 76, 275, 343, 864, 411, 827, 348, 559, 653, 800, 465, 876, 0, 447, 378, 347, 555, 529], [472, 570, 406, 268, 117, 443, 392, 512, 546, 660, 294, 489, 156, 428, 447, 0, 562, 105, 339, 561], [883, 931, 317, 566, 452, 997, 740, 668, 30, 184, 848, 643, 463, 922, 378, 562, 0, 512, 824, 195], [576, 673, 313, 173, 74, 525, 324, 590, 493, 635, 340, 565, 205, 530, 347, 105, 512, 0, 325, 547], [676, 789, 561, 281, 398, 420, 199, 827, 801, 959, 187, 807, 494, 555, 555, 339, 824, 325, 0, 873], [777, 805, 457, 651, 475, 961, 831, 512, 218, 114, 854, 491, 424, 846, 529, 561, 195, 547, 873, 0]], "2": [[0, 669, 683, 491, 410, 645, 86, 683, 521, 738, 638, 447, 198, 568, 819, 712, 742, 538, 502, 790], [669, 0, 700, 334, 380, 91, 646, 748, 439, 78, 242, 597, 865, 516, 849, 374, 612, 211, 208, 437], [683, 700, 0, 848, 817, 612, 744, 56, 275, 706, 882, 236, 771, 190, 159, 1017, 153, 500, 527, 382], [491, 334, 848, 0, 82, 382, 431, 880, 577, 411, 164, 661, 680, 662, 1007, 223, 813, 392, 348, 709], [410, 380, 817, 82, 0, 413, 349, 844, 553, 459, 244, 616, 598, 636, 975, 302, 797, 394, 347, 716], [645, 91, 612, 382, 413, 0, 633, 660, 355, 108, 320, 521, 837, 429, 759, 456, 521, 136, 151, 352], [86, 646, 744, 431, 349, 633, 0, 749, 558, 719, 586, 508, 250, 614, 886, 648, 791, 540, 499, 816], [683, 748, 56, 880, 844, 660, 749, 0, 315, 756, 921, 243, 757, 233, 138, 1056, 208, 544, 568, 438], [521, 439, 275, 577, 553, 355, 558, 315, 0, 458, 607, 183, 667, 85, 433, 742, 247, 230, 253, 282], [738, 78, 706, 411, 459, 108, 719, 756, 458, 0, 305, 628, 933, 528, 847, 427, 603, 245, 256, 406], [638, 242, 882, 164, 244, 320, 586, 921, 607, 305, 0, 728, 833, 692, 1038, 139, 819, 386, 354, 671], [447, 597, 236, 661, 616, 521, 508, 243, 183, 628, 728, 0, 550, 163, 381, 855, 311, 387, 393, 444], [198, 865, 771, 680, 598, 837, 250, 757, 667, 933, 833, 550, 0, 696, 885, 898, 860, 723, 691, 947], [568, 516, 190, 662, 636, 429, 614, 233, 85, 528, 692, 163, 696, 0, 347, 827, 177, 311, 337, 283], [819, 849, 159, 1007, 975, 759, 886, 138, 433, 847, 1038, 381, 885, 347, 0, 1174, 251, 654, 684, 487], [712, 374, 1017, 223, 302, 456, 648, 1056, 742, 427, 139, 855, 898, 827, 1174, 0, 957, 525, 491, 808], [742, 612, 153, 813, 797, 521, 791, 208, 247, 603, 819, 311, 860, 177, 251, 957, 0, 433, 471, 238], [538, 211, 500, 392, 394, 136, 540, 544, 230, 245, 386, 387, 723, 311, 654, 525, 433, 0, 48, 322], [502, 208, 527, 348, 347, 151, 499, 568, 253, 256, 354, 393, 691, 337, 684, 491, 471, 48, 0, 370], [790, 437, 382, 709, 716, 352, 816, 438, 282, 406, 671, 444, 947, 283, 487, 808, 238, 322, 370, 0]], "3": [[0, 546, 267, 179, 563, 395, 444, 425, 130, 610, 369, 316, 741, 262, 761, 493, 633, 187, 134, 595], [546, 0, 650, 521, 747, 209, 763, 616, 655, 68, 345, 861, 243, 802, 349, 89, 738, 559, 664, 306], [267, 650, 0, 445, 829, 448, 700, 692, 192, 718, 596, 345, 882, 392, 940, 571, 899, 102, 338, 796], [179, 521, 445, 0, 390, 435, 297, 248, 295, 574, 243, 423, 668, 321, 655, 496, 455, 358, 196, 477], [563, 747, 829, 390, 0, 754, 181, 150, 658, 772, 407, 704, 776, 576, 684, 764, 105, 747, 519, 526], [395, 209, 448, 435, 754, 0, 720, 607, 482, 275, 361, 694, 450, 657, 540, 124, 774, 363, 526, 446], [444, 763, 700, 297, 181, 720, 0, 172, 516, 802, 422, 532, 844, 403, 780, 759, 284, 630, 369, 605], [425, 616, 692, 248, 150, 607, 172, 0, 531, 648, 272, 610, 677, 485, 608, 625, 207, 606, 403, 435], [130, 655, 192, 295, 658, 482, 516, 531, 0, 721, 499, 213, 861, 211, 888, 592, 737, 163, 148, 725], [610, 68, 718, 574, 772, 275, 802, 648, 721, 0, 380, 925, 181, 863, 303, 152, 754, 627, 725, 295], [369, 345, 596, 243, 407, 361, 422, 272, 499, 380, 0, 660, 437, 563, 412, 357, 415, 495, 434, 235], [316, 861, 345, 423, 704, 694, 532, 610, 213, 925, 660, 0, 1056, 129, 1067, 802, 799, 362, 227, 894], [741, 243, 882, 668, 776, 450, 844, 677, 861, 181, 437, 1056, 0, 978, 152, 331, 734, 787, 841, 250], [262, 802, 392, 321, 576, 657, 403, 485, 211, 863, 563, 129, 978, 0, 975, 754, 671, 374, 138, 798], [761, 349, 940, 655, 684, 540, 780, 608, 888, 303, 412, 1067, 152, 975, 0, 435, 627, 840, 843, 180], [493, 89, 571, 496, 764, 124, 759, 625, 592, 152, 357, 802, 331, 754, 435, 0, 767, 484, 618, 372], [633, 738, 899, 455, 105, 774, 284, 207, 737, 754, 415, 799, 734, 671, 627, 767, 0, 812, 604, 485], [187, 559, 102, 358, 747, 363, 630, 606, 163, 627, 495, 362, 787, 374, 840, 484, 812, 0, 287, 695], [134, 664, 338, 196, 519, 526, 369, 403, 148, 725, 434, 227, 841, 138, 843, 618, 604, 287, 0, 669], [595, 306, 796, 477, 526, 446, 605, 435, 725, 295, 235, 894, 250, 798, 180, 372, 485, 695, 669, 0]], "4": [[0, 687, 567, 466, 605, 351, 446, 330, 149, 612, 595, 828, 363, 728, 527, 390, 294, 803, 585, 190], [687, 0, 745, 617, 532, 502, 691, 612, 742, 346, 679, 169, 342, 107, 420, 366, 459, 361, 553, 789], [567, 745, 0, 950, 247, 790, 121, 834, 452, 919, 1076, 912, 495, 701, 895, 721, 398, 573, 1012, 450], [466, 617, 950, 0, 877, 164, 836, 137, 612, 321, 131, 671, 505, 712, 211, 284, 559, 913, 152, 656], [605, 532, 247, 877, 0, 713, 265, 786, 541, 768, 992, 692, 374, 471, 772, 609, 336, 327, 904, 562], [351, 502, 790, 164, 713, 0, 679, 110, 486, 286, 287, 590, 342, 586, 183, 139, 396, 766, 240, 534], [446, 691, 121, 836, 265, 679, 0, 718, 334, 828, 964, 860, 405, 664, 795, 620, 296, 581, 906, 338], [330, 612, 834, 137, 786, 110, 718, 0, 477, 379, 265, 699, 426, 694, 268, 248, 456, 866, 272, 520], [149, 742, 452, 612, 541, 486, 334, 477, 0, 727, 742, 897, 401, 763, 652, 498, 294, 789, 724, 51], [612, 346, 919, 321, 768, 286, 828, 379, 727, 0, 346, 358, 425, 452, 113, 229, 535, 694, 215, 777], [595, 679, 1076, 131, 992, 287, 964, 265, 742, 346, 0, 703, 618, 780, 259, 386, 683, 1000, 131, 785], [828, 169, 912, 671, 692, 590